10.016700030000003 2.001344919 1
21.009784930000002 2.001421213 1
33.00085401 2.001285076 1
49.48159313000001 1.999888897 1
65.97571993 2.001485109 1
82.47325799000001 2.001029015 1
99.03565689 2.001378059 1
115.53151699000001 2.000080109 1
134.02748388999998 2.001374006 1
150.52316499 2.002766132 1
165.01803489000002 2.000925064 1
182.51415899 2.002892971 1
196.49289009 2.001567841 1
211.98793598999998 2.000190973 1
227.46493009000005 2.001867056 1
242.96140909000002 2.00009203 1
257.93953799 1.9998691080000002 1
274.43381719 2.001383781 1
287.92889099 2.000017166 1
307.40890689 2.002737045 1
320.90389609000005 2.000025988 1
334.89780209 2.0014288430000002 1
351.37548298999997 2.0014140609999997 1
366.85548619 2.001326799 1
382.33250209000005 2.001214027 1
394.31423999000003 1.9949960709999999 1
413.82297519 2.00252986 1
428.30220409000003 2.00147891 1
444.79787609000005 2.000116825 1
463.27850099000005 2.000092983 1
478.77355699000003 2.000059128 1
494.26736998999996 2.001338005 1
508.24483199 2.0010769369999997 1
521.73826409 2.001167059 1
538.23403689 2.001296043 1
554.7298249899999 2.00290513 1
573.2272579899999 2.001340151 1
588.72380209 2.0000200269999997 1
604.21745299 2.001259089 1
623.71555709 2.00148797 1
639.21059899 2.001387119 1
650.2023169899999 2.002422094 1
668.6996280899999 2.001392841 1
680.67553399 2.002740145 1
695.15303899 2.0013020040000002 1
710.64817999 2.001326084 1
723.64143709 2.002330065 1
741.1379119899999 2.001609087 1
757.61859109 2.001280069 1
773.09706399 1.9999189380000002 1
790.59210209 2.0014250280000003 1
806.08732799 2.001240969 1
820.0644731900001 2.001225948 1
835.56009789 2.002265215 1
852.0554000899999 2.001368999 1
866.54979519 2.002812862 1
883.04699019 2.0014979840000002 1
900.54368309 2.00011301 1
917.03824709 2.001152039 1
932.51783509 2.001462936 1
950.01325509 2.002245903 1
967.49447299 2.001296043 1
981.97176399 2.00165391 1
998.4680159899999 1.999944925 1
