12.018064969999998 2.985872984 1
23.01122498 0.717456102 1
35.00215792 0.51726222 1
51.48149895 1.050885201 1
67.97722912 1.085857868 1
84.47430609 2.152091026 1
101.03705408999998 2.352005959 1
117.53161499 2.718719959 1
136.02887699000001 0.9862699509999999 1
152.52594999000002 1.48331809 1
167.01897999 2.652327061 1
184.51707099000004 2.9846761230000003 1
198.49448299 2.417016029 1
213.98814699000002 1.78482914 1
229.46681709 2.451653957 1
244.96151709000003 2.9874310489999996 1
259.93942399 1.9198830130000002 1
276.43523498999997 2.8858640189999996 1
289.92892809 2.585385799 1
309.41166309000005 0.8491320609999999 1
322.90394119 2.9871919160000004 1
336.89926199 1.81695199 1
353.37691709000006 1.15128994 1
368.85683199 1.649982929 1
384.33373499 2.985926151 1
396.3092550900001 1.302848816 1
415.8255259900001 1.383495092 1
430.30370209000006 1.317857027 1
446.79801298999996 0.98558712 1
465.2786140900001 2.72031188 1
480.77363609 2.218497038 1
496.26872799000006 2.986027956 1
510.24592899 2.91971612 1
523.73945209 0.618983984 1
540.2353629899999 0.684128046 1
556.7327498899999 1.518170118 1
575.2286169899999 0.8188600540000001 1
590.72384099 0.651085138 1
606.21873089 2.2526280880000003 1
625.71706509 1.71796298 1
641.21200609 2.987375021 1
652.2047578899999 0.65054512 1
670.7010409899999 2.98586607 1
682.6782939899999 0.447565079 1
697.15436789 1.152602196 1
712.6495298899999 3.0023751260000004 1
725.64378809 1.0529458520000001 1
743.1395411899999 2.084232807 1
759.6198949899999 0.74950695 1
775.0970000899999 2.185024977 1
792.5935608899999 2.820376158 1
808.0885939899998 2.985928059 1
822.0657190899999 0.48407292399999996 1
837.56238199 1.518071175 1
854.05678919 1.3526799680000001 1
868.55262899 0.483970165 1
885.0485078899999 0.58415103 1
902.54381299 0.718502998 1
919.03941799 2.652336121 1
934.5193171899999 0.784199953 1
952.01552109 2.884775877 1
969.49578699 1.149791002 1
983.97343899 1.666764975 1
1000.46797799 1.452630997 1
