35.52267408 3.0 1
52.53583503 3.0 1
69.06607914 3.0 1
86.62952208999998 3.0 1
103.39209698999998 3.0 1
120.25383118999999 3.0 1
137.01843499 3.0 1
154.01259299000003 3.0 1
169.67440919 3.0 1
200.91474298999998 3.0 1
215.77608199000002 3.0 1
231.92196009000003 3.0 1
261.86229609000003 3.0 1
279.32449009000004 3.0 1
292.51756719 3.0 1
310.26390699 3.0 1
338.71947099000005 3.0 1
354.53148599 3.0 1
370.51020099 3.0 1
397.61552409 3.0 1
417.21217009000003 3.0 1
431.62460999000007 3.0 1
447.78685809 3.0 1
468.00208589 3.0 1
482.99545309 3.0 1
513.16907719 3.0 1
524.36172199 3.0 1
540.92292099 3.0 1
558.2542008899999 3.0 1
576.05089399 3.0 1
591.3781001899999 3.0 1
608.47480299 3.0 1
627.4385609899999 3.0 1
652.85885309 3.0 1
683.1291958899999 3.0 1
698.31040999 3.0 1
726.70224909 3.0 1
745.22695609 3.0 1
760.3725320899999 3.0 1
777.2854189899999 3.0 1
795.41721419 3.0 1
822.55328199 3.0 1
839.08363199 3.0 1
855.4128748899999 3.0 1
869.03998799 3.0 1
885.6358329899999 3.0 1
903.2657270899999 3.0 1
921.69490509 3.0 1
935.30702999 3.0 1
954.9038269899999 3.0 1
970.6487869900001 3.0 1
985.64356299 3.0 1
1001.9238689899998 3.0 1
